-10.09
-10.09
-10.09
-10.09
-10.09
-10.09
-10.09
-10.09
-10.09
-10.09
-10.09
-10.09
-10.09
-10.09
-10.09
-10.09
-10.09
-10.09
-10.09
-10.09
-10.09
-10.09
-10.09
-10.09
-10.09
-10.09
-10.09
-10.09
-10.09
-10.09
-10.09
-9.94
-10.09
-10.09
-10.09
-10.09
-10.09
-10.09
-10.09
-10.09
-10.09
-10.09
-10.09
-10.09
-10.09
-10.09
-10.09
-10.09
-10.09
-10.09
-10.09
-10.09
-10.23
-10.09
-10.09
-10.09
-10.09
-10.09
-10.09
-10.09
-10.09
-10.09
-10.09
-10.09
-10.09
-10.09
-10.09
-10.09
-10.09
-10.09
-10.09
-10.09
-10.09
-10.09
-10.09
-10.09
-10.09
-10.09
-10.09
-10.09
-10.09
-10.09
-10.09
-10.23
-10.09
-10.23
-10.09
-9.94
-9.66
-10.23
-10.37
-10.52
-10.23
-9.8
-10.23
-10.52
-10.8
-9.8
-10.09
-9.8
-9.66
-10.52
-10.23
-9.94
-9.23
-9.51
-10.23
-9.94
-10.23
-9.94
-10.09
-10.09
-9.94
-10.09
-10.09
-10.09
-10.09
-10.09
-10.09
-10.09
-10.09
-10.09
-10.09
-10.09
-10.09
-10.09
-10.09
-10.09
-10.09
-10.09
-10.09
-9.66
-10.94
-9.66
-11.52
-4.94
-10.23
-6.94
-12.23
-10.23
-13.23
-7.51
-7.51
-3.51
-5.65
-12.66
-7.08
-13.52
-7.94
-8.51
-8.23
-14.24
-14.09
-9.08
-11.8
-8.94
-7.22
-6.8
-9.94
-9.51
-8.37
-11.95
-6.94
-4.22
-15.38
-3.79
-9.08
-10.66
-9.66
-10.09
-10.52
-9.8
-9.94
-12.09
-16.09
-6.51
-9.08
-4.79
-10.94
-10.66
-12.8
-10.8
-11.37
-7.37
-11.95
-3.22
-7.65
-8.66
-8.66
-6.08
-7.65
-6.37
-12.38
-3.79
-9.8
-14.38
-16.52
-8.94
-15.24
-7.22
-12.95
-8.94
-11.8
-10.37
-7.22
-8.08
-12.95
-5.94
-10.8
-10.66
-9.08
-7.8
-7.37
-8.37
-16.81
-8.94
-8.8
-7.94
-7.37
-9.23
-12.09
-9.37
-12.52
-2.36
-11.37
-8.8
-9.94
-10.52
-10.37
-10.94
-7.51
-6.22
-8.8
-12.66
-7.94
-13.95
-16.95
-14.38
-11.52
-1.79
-9.8
-13.38
-7.94
-13.23
-7.37
-6.37
-11.09
-17.95
-5.51
-9.8
-9.66
-7.08
-12.8
-7.8
-13.09
-10.23
-11.52
-12.52
-12.95
-9.08
-11.37
-12.95
-15.81
-11.09
-9.37
-8.8
-8.23
-11.37
-9.66
-12.66
-8.51
-10.09
-18.38
-11.66
-9.66
-6.22
-9.37
-8.23
-13.38
-4.08
-7.51
-9.51
-14.81
-13.81
-6.65
-8.51
-4.51
-11.23
-13.52
-13.81
-10.23
-11.23
-9.51
-5.65
-15.95
-10.09
-8.37
-7.08
-13.09
-10.8
-10.52
-8.08
-8.37
-6.08
-10.94
-5.94
-9.23
-8.08
-2.5
-5.65
-4.94
-15.24
-13.81
-6.22
-5.51
-14.09
-4.79
-9.08
-3.65
-7.65
-9.23
-5.94
-0.79
-9.08
-12.66
-8.8
-10.37
-8.94
-11.09
-12.09
-15.52
-9.51
-5.65
-5.36
-13.66
-9.51
-8.8
-8.51
-11.23
-14.24
-14.95
-5.08
-4.22
-15.81
-6.94
-10.52
-12.52
-19.39
-6.8
-5.08
-11.52
-9.23
-8.37
-4.94
-8.08
-8.66
-8.66
-9.08
-12.38
-12.23
-11.66
-12.95
-7.65
-6.22
-6.65
-14.52
-5.79
-16.38
-12.23
-12.38
-12.95
-15.52
-15.24
-7.51
-1.36
-8.51
-4.65
-5.08
3.93
-11.09
-4.94
-11.95
-12.95
-6.37
-12.38
-6.22
-7.51
-7.94
-3.22
-8.08
-7.22
-9.66
-12.23
-4.79
-11.66
-12.23
-8.94
-14.52
-11.23
-11.8
-13.09
-4.65
-5.08
-6.22
-9.94
-12.8
-11.09
-8.51
-4.65
-7.8
-5.79
-6.94
-6.51
-6.51
-5.94
-3.93
-10.66
-17.24
-7.37
-14.66
-13.81
-9.66
-7.65
-10.94
-4.08
-9.94
-6.65
-13.09
-7.8
-8.08
-10.8
-14.09
-9.51
-10.23
1.5
-7.37
-12.09
-11.66
-6.51
-12.23
-6.8
-12.52
-10.09
-4.79
-7.37
-8.08
-18.38
-8.37
-4.94
-8.51
-7.08
-8.23
-12.23
-12.66
-6.51
-15.67
-10.52
-4.51
-9.51
-5.08
-4.36
-11.37
-19.24
-15.09
-12.23
-13.09
-3.65
-13.23
-6.94
-12.8
-9.66
-7.94
-7.22
-5.65
-6.65
-12.52
-9.66
-7.08
-10.23
-10.52
-11.37
-9.37
-10.09
-7.51
-12.23
-7.22
-10.37
-10.09
-9.51
-10.09
-10.09
-10.09
-9.94
-10.09
-10.09
-10.09
-10.09
-10.09
-10.09
-10.09
-10.09
-10.09
-10.09
-10.09
-10.09
-10.09
-10.09
-10.09
-9.94
-10.09
-10.09
-10.09
-10.09
-10.09
-10.09
-10.09
-10.09
-10.09
-10.09
-10.09
-10.09
-10.09
-10.09
-10.09
-10.09
-10.09
-10.09
-10.09
-10.09
-9.94
-10.09
-10.09
-10.09
-10.09
-10.09
-10.09
-10.09
-10.09
-10.09
-10.09
-10.09
-10.09
-10.09
-10.09
-10.09
-10.09
-10.09
-10.09
-9.94
-10.09
-10.09
-10.09
-10.09
-10.09
-10.09
-10.09
-9.94
-10.09
-9.94
-10.09
-9.94
-10.09
-10.09
-10.09
-10.09
-10.09
-10.09
-10.09
-10.09
-10.09
-10.09
-10.09
-10.09
-10.09
-9.94
-10.09
-10.09
-10.09
-10.09
-10.09
-10.09
-10.09
-10.09
-9.94
-10.09
-10.09
-10.09
-10.09
-10.09
-9.94
-10.09
-9.94
-10.23
-10.09
-9.94
-9.94
-9.94
-10.23
-10.23
-10.09
-10.09
-10.09
-10.09
-10.09
-10.09
-10.09
-10.23
-10.09
-10.09
-10.23
-10.23
-9.94
-9.66
-9.94
-9.94
-10.09
-9.8
-9.94
-10.37
-9.94
-10.09
-10.23
-9.8
-9.66
-9.94
-9.94
-10.09
-9.94
-10.23
-9.94
-10.37
-10.23
-9.94
-10.09
-10.09
-10.23
-10.09
-10.09
-10.09
-10.23
-10.09
-9.94
-9.51
-10.09
-10.09
-10.09
-10.37
-10.09
-10.09
-10.09
-10.09
-10.09
-10.09
-10.09
-10.09
-10.09
-10.09
-10.09
-10.09
-10.09
-10.09
-10.09
-10.09
-10.09
-10.09
-10.09
-10.09
-10.09
-10.09
-10.09
-10.09
-10.09
-10.09
-10.09
-10.09
-10.09
-10.09
-10.09
-10.09
-10.09
-10.23
-10.09
-10.09
-10.09
-10.09
-10.09
-10.09
-10.09
-10.09
-10.09
-10.09
-10.09
-10.09
-10.09
-10.09
-10.09
-10.09
-10.09
-10.09
-10.09
-10.09
-10.09
-10.09
-10.09
-10.09
-10.09
-10.09
-10.09
-10.09
-10.09
-10.09
-10.09
-10.09
-10.09
-10.09
-10.09
-10.09
-10.09
-10.09
-10.09
-10.09
-10.09
-10.09
-10.09
-10.09
-10.09
-10.09
-10.09
-10.09
-10.09
-10.09
-10.09
-10.09
-10.09
-10.09
-10.09
-10.09
-10.09
-10.09
-10.09
-10.09
-10.09
-10.09
-10.09
-10.09
-10.09
-10.09
-10.09
-10.09
-10.09
-10.09
-10.23
-10.23
-10.09
-10.09
-10.09
-10.09
-10.09
-10.09
-10.23
-10.09
-10.09
-10.09
-10.23
-10.09
-10.09
-10.09
-10.09
-10.09
-10.09
-10.09
-10.09
-10.23
-10.09
-10.09
-9.94
-10.09
-10.09
-10.09
-10.09
-10.09
-10.23
-10.09
-10.09
-10.09
-10.09
-10.09
-10.09
-10.09
-10.09
-10.09
-10.09
-10.09
-9.94
-9.94
-10.09
-10.09
-10.09
-10.09
-10.09
-10.09
-10.09
-10.09
-10.09
-10.09
-10.09
-10.09
-10.09
-10.09
-10.09
-10.23
-10.09
-10.09
-10.09
-10.09
-10.09
-10.09
-10.09
-10.09
-10.09
-10.09
-10.09
-10.09
-10.09
-10.09
-10.09
-10.09
-10.09
-10.09
-10.09
-10.09
-10.09
-10.09
-10.09
-10.09
-10.23
-10.09
-10.09
-10.09
-10.09
-9.94
-10.09
-10.23
-10.09
-10.09
-10.09
-10.23
-10.09
-10.09
-10.23
-10.09
-10.23
-10.23
-10.09
-10.09
-9.94
-10.09
-10.09
-10.09
-10.09
-10.09
-10.23
-10.09
-10.09
-10.09
-10.09
-10.23
-10.09
-10.09
-10.09
-10.09
-10.09
-10.09
-10.09
-10.09
-10.09
-10.09
-10.09
-10.09
-10.09
-10.09
-10.09
-10.09
-10.09
-10.09
-10.09
-10.09
-10.09
-10.23
-10.09
-10.09
-10.09
-10.09
-10.09
-10.09
-10.09
-10.09
-10.09
-10.09
-10.09
-10.09
-10.09
-10.09
-10.09
-10.09
-10.09
-10.09
-10.09
-10.09
-10.09
-10.09
-10.09
-10.09
-10.09
-10.09
-10.09
-10.09
-10.09
-10.09
-10.09
-10.09
-10.09
-10.09
-10.09
-10.09
-10.09
-10.09
-10.09
-10.09
-10.09
-10.09
-10.09
-10.09
-10.09
-10.09
-10.09
-10.09
-10.09
-10.09
-10.09
-10.09
-10.09
-10.09
-10.23
-10.09
-10.09
-10.09
-10.09
-10.23
-9.23
-9.94
-9.94
-10.23
-10.09
-10.09
-10.52
-10.09
-10.09
